          5.000000      5.354649E+08          3.064027         0.1352398       0.003972612
          1005.000      5.354659E+08          2.481655         0.1027394       0.003345357
          2005.000      5.354669E+08          2.747491        0.09423223       0.002509018
          3005.000      5.354679E+08          2.540118         0.1109937       0.001881764
          4005.000      5.354689E+08          2.668118        0.08452346       0.001881764
          5005.000      5.354699E+08          2.500909        0.09594720       0.002090848
          6005.000      5.354709E+08          2.807864        0.09015185       0.003136273
          7005.000      5.354719E+08          2.728027        0.06825814       0.003972612
          8005.000      5.354729E+08          2.816118        0.07778679       0.001881764
          9005.000      5.354739E+08          2.582700        0.06997062       0.002299933
          10005.00      5.354749E+08          2.695864         0.1123069       0.003136273
          11005.00      5.354759E+08          2.920027         0.1049078       0.003972612
          12005.00      5.354769E+08          2.939027        0.07178173       0.003972612
          13005.00      5.354779E+08          3.150027        0.09537197       0.003972612
          14005.00      5.354789E+08          3.095400        0.09292848       0.004599866
          15005.00      5.354799E+08          2.727218        0.08417049       0.008781563
          16005.00      5.354809E+08          3.224073        0.08011944       0.002927188
          17005.00      5.354819E+08          2.752073         0.1115427       0.002927188
          18005.00      5.354829E+08          2.195909         0.1110360       0.002090848
          19005.00      5.354839E+08          2.528864        0.06703110       0.003136273
          20005.00      5.354849E+08          2.513491        0.09676911       0.002509018
          21005.00      5.354859E+08          2.396864        0.08409417       0.003136273
          22005.00      5.354869E+08          2.666073        0.07952049       0.002927188
          23005.00      5.354879E+08          2.656909        0.06947334       0.002090848
          24005.00      5.354889E+08          2.682236         0.1301850       0.003763527
          25005.00      5.354899E+08          3.013073        0.07372514       0.002927188
          26005.00      5.354909E+08          2.927982         0.1429393       0.005018036
          27005.00      5.354919E+08          2.615937         0.1163278       0.006063460
          28005.00      5.354929E+08          2.536073        0.09022638       0.002927188
          29005.00      5.354939E+08          2.683818         0.1191727       0.004181697
          30005.00      5.354949E+08          3.133446        0.07527849       0.003554442
          31005.00      5.354959E+08          2.517491         0.1225646       0.002509018
          32005.00      5.354969E+08          2.307491         0.1150671       0.002509018
          33005.00      5.354979E+08          2.194327        0.08196381       0.001672679
          34005.00      5.354989E+08          2.091491        0.09479720       0.002509018
          35005.00      5.354999E+08          1.850164         0.1307463      0.0008363394
          36005.00      5.355009E+08          1.939700        0.07836455       0.002299933
          37005.00      5.355019E+08          1.702027        0.07856244       0.003972612
          38005.00      5.355029E+08          1.633518        0.08181746       0.006481630
          39005.00      5.355039E+08          2.014146         0.1036457       0.005854375
          40005.00      5.355049E+08          1.866891         0.1017882       0.007108884
          41005.00      5.355059E+08          2.120118         0.2310806       0.001881764
          42005.00      5.355069E+08          2.410327         0.1065086       0.001672679
          43005.00      5.355079E+08          2.270027         0.1016465       0.003972612
          44005.00      5.355089E+08          2.381818         0.1107740       0.004181697
          45005.00      5.355099E+08          2.850700        0.08938651       0.002299933
          46005.00      5.355109E+08          3.077491        0.07567608       0.002509018
          47005.00      5.355119E+08          2.645282        0.09922472       0.002718103
          48005.00      5.355129E+08          2.807491        0.09594228       0.002509018
          49005.00      5.355139E+08          2.765282        0.07906220       0.002718103
          50005.00      5.355149E+08          2.666327        0.08823526       0.001672679
          51005.00      5.355159E+08          2.429655        0.07764848       0.003345357
          52005.00      5.355169E+08          2.315491         0.1356922       0.002509018
          53005.00      5.355179E+08          2.738491         0.1234321       0.002509018
          54005.00      5.355189E+08          2.893327         0.1006607       0.001672679
          55005.00      5.355199E+08          2.474027         0.1022747       0.003972612
          56005.00      5.355209E+08          2.490327        0.07896511       0.001672679
          57005.00      5.355219E+08          2.843118        0.06766711       0.001881764
          58005.00      5.355229E+08          3.082700        0.09423323       0.002299933
          59005.00      5.355239E+08          3.143282         0.1031580       0.002718103
          60005.00      5.355249E+08          3.540864        0.07891565       0.003136273
          61005.00      5.355259E+08          3.229864        0.09225452       0.003136273
          62005.00      5.355269E+08          3.341491        0.07895556       0.002509018
          63005.00      5.355279E+08          2.997446        0.08157927       0.003554442
          64005.00      5.355289E+08          3.209118        0.06270869       0.001881764
          65005.00      5.355299E+08          3.154745        0.07670198       0.001254509
          66005.00      5.355309E+08          3.080446        0.09268093       0.003554442
          67005.00      5.355319E+08          2.422073        0.09368628       0.002927188
          68005.00      5.355329E+08          2.392327        0.09523853       0.001672679
          69005.00      5.355339E+08          2.444864         0.1075149       0.003136273
          70005.00      5.355349E+08          2.326491         0.1069723       0.002509018
          71005.00      5.355359E+08          2.454818        0.08431024       0.004181697
          72005.00      5.355369E+08          2.445491        0.06929830       0.002509018
          73005.00      5.355379E+08          2.793909         0.1361257       0.002090848
          74005.00      5.355389E+08          2.552282        0.08706635       0.002718103
          75005.00      5.355399E+08          2.656327        0.09567097       0.001672679
          76005.00      5.355409E+08          2.525745        0.07684811       0.001254509
          77005.00      5.355419E+08          2.627491         0.1015977       0.002509018
          78005.00      5.355429E+08          2.717446        0.08516770       0.003554442
          79005.00      5.355439E+08          2.218909         0.1072998       0.002090848
          80005.00      5.355449E+08          2.507909        0.08028543       0.002090848
          81005.00      5.355459E+08          2.223073         0.1144797       0.002927188
          82005.00      5.355469E+08          2.883700         0.1075788       0.002299933
          83005.00      5.355479E+08          2.739700        0.07409049       0.002299933
          84005.00      5.355489E+08          2.871700         0.1082574       0.002299933
          85005.00      5.355499E+08          3.110864         0.1776195       0.003136273
          86005.00      5.355509E+08          3.506700        0.06533871       0.002299933
          87005.00      5.355519E+08          3.385909        0.08033446       0.002090848
          88005.00      5.355529E+08          3.690491         0.1035600       0.002509018
          89005.00      5.355539E+08          4.606236         0.1080847       0.003763527
          90005.00      5.355549E+08          4.596655        0.08467740       0.003345357
          91005.00      5.355559E+08          4.022818        0.04435992       0.004181697
          92005.00      5.355569E+08          3.738282        0.09651517       0.002718103
          93005.00      5.355579E+08          3.356864        0.06058490       0.003136273
          94005.00      5.355589E+08          3.428073        0.06609160       0.002927188
          95005.00      5.355599E+08          3.183745        0.07759642       0.001254509
          96005.00      5.355609E+08          3.201700        0.08757885       0.002299933
          97005.00      5.355619E+08          3.462446        0.06288598       0.003554442
          98005.00      5.355629E+08          3.405655        0.09880309       0.003345357
          99005.00      5.355639E+08          3.535655        0.09377545       0.003345357
          100005.0      5.355649E+08          3.713864        0.08127311       0.003136273
          101005.0      5.355659E+08          3.358073        0.07510644       0.002927188
          102005.0      5.355669E+08          3.089073        0.05807958       0.002927188
          103005.0      5.355679E+08          2.843536        0.07581115       0.001463594
          104005.0      5.355689E+08          2.737700         0.1114810       0.002299933
          105005.0      5.355699E+08          2.890536         0.1006319       0.001463594
          106005.0      5.355709E+08          3.371327         0.1115228       0.001672679
          107005.0      5.355719E+08          3.424864         0.1001270       0.003136273
          108005.0      5.355729E+08          3.137682        0.06699171       0.007317969
          109005.0      5.355739E+08          3.680382        0.04959500       0.009617902
          110005.0      5.355749E+08          3.572019        0.09342693        0.01798130
          111005.0      5.355759E+08          3.252355        0.06120226       0.005645290
          112005.0      5.355769E+08          3.178400         0.1024831       0.004599866
          113005.0      5.355779E+08          2.680100        0.08735290       0.006899800
          114005.0      5.355789E+08          2.921355        0.05394939       0.005645290
          115005.0      5.355799E+08          2.909337        0.06687214        0.01066333
          116005.0      5.355809E+08          2.774100        0.07458120       0.006899800
